check_timestamp: '2025-08-14T10:18:05.884927'
dimension_scores:
  expression_method: 1.0
  information_source: 0.980952380952381
  reflection_logic: 1.0
  temporal_accuracy: 1.0
  ui_representation: 1.0
overall_score: 0.9952380952380953
recommendations: []
violations: []
